-0.25 0 0 0 
0.25 72 72 0 
0.75 0 0 0 
1.25 0 0 0 
1.75 0 0 0 
2.25 0 0 0 
2.75 0 0 0 
3.25 2 1 1 
3.75 3 3 0 
4.25 43 43 0 
4.75 132 122 10 
5.25 264 250 14 
5.75 500 489 11 
6.25 776 764 12 
6.75 1163 1138 25 
7.25 2243 2219 24 
7.75 1910 1888 22 
8.25 21716 21689 27 
8.75 2662 2641 21 
9.25 2647 2621 26 
9.75 24260 24240 20 
10.25 2331 2313 18 
10.75 1611 1594 17 
11.25 3588 3577 11 
11.75 1813 1793 20 
12.25 1259 1240 19 
12.75 1348 1337 11 
13.25 1387 1371 16 
13.75 1473 1460 13 
14.25 1532 1519 13 
14.75 1705 1695 10 
15.25 1613 1598 15 
15.75 1708 1699 9 
16.25 1679 1674 5 
16.75 1809 1801 8 
17.25 1786 1774 12 
17.75 1753 1744 9 
18.25 1820 1809 11 
18.75 1789 1776 13 
19.25 1841 1833 8 
19.75 1743 1736 7 
20.25 1762 1756 6 
20.75 1792 1785 7 
21.25 1765 1755 10 
21.75 1683 1677 6 
22.25 1717 1713 4 
22.75 1656 1649 7 
23.25 1664 1660 4 
23.75 1692 1686 6 
24.25 1627 1621 6 
24.75 1668 1666 2 
25.25 1608 1606 2 
25.75 1541 1534 7 
26.25 1511 1505 6 
26.75 1490 1485 5 
27.25 1450 1447 3 
27.75 1463 1461 2 
28.25 1480 1480 0 
28.75 1359 1353 6 
29.25 1432 1426 6 
29.75 1336 1332 4 
30.25 1335 1333 2 
30.75 1298 1294 4 
31.25 1315 1310 5 
31.75 1303 1301 2 
32.25 1316 1314 2 
32.75 1231 1228 3 
33.25 1159 1156 3 
33.75 1120 1120 0 
34.25 1132 1130 2 
34.75 1112 1111 1 
35.25 1102 1102 0 
35.75 1059 1058 1 
36.25 1091 1088 3 
36.75 1065 1065 0 
37.25 1048 1047 1 
37.75 1024 1022 2 
38.25 933 933 0 
38.75 901 900 1 
39.25 950 947 3 
39.75 881 881 0 
40.25 932 929 3 
40.75 886 883 3 
41.25 826 825 1 
41.75 852 849 3 
42.25 802 802 0 
42.75 824 824 0 
43.25 841 839 2 
43.75 810 808 2 
44.25 797 796 1 
44.75 801 800 1 
45.25 799 798 1 
45.75 728 726 2 
46.25 765 762 3 
46.75 746 746 0 
47.25 675 675 0 
47.75 696 696 0 
48.25 697 697 0 
48.75 699 699 0 
49.25 650 649 1 
49.75 629 629 0 
50.25 658 656 2 
50.75 640 639 1 
51.25 646 645 1 
51.75 588 587 1 
52.25 561 560 1 
52.75 565 563 2 
53.25 607 607 0 
53.75 536 536 0 
54.25 537 537 0 
54.75 516 515 1 
55.25 520 519 1 
55.75 549 549 0 
56.25 528 528 0 
56.75 517 516 1 
57.25 511 511 0 
57.75 489 488 1 
58.25 702 701 1 
58.75 484 484 0 
59.25 822 822 0 
59.75 427 427 0 
60.25 467 467 0 
60.75 465 465 0 
61.25 469 469 0 
61.75 431 431 0 
62.25 409 409 0 
62.75 463 463 0 
63.25 408 406 2 
63.75 412 411 1 
64.25 384 384 0 
64.75 353 353 0 
65.25 364 364 0 
65.75 364 364 0 
66.25 407 407 0 
66.75 337 337 0 
67.25 461 461 0 
67.75 348 348 0 
68.25 342 342 0 
68.75 337 337 0 
69.25 350 350 0 
69.75 299 299 0 
70.25 306 306 0 
70.75 277 277 0 
71.25 260 260 0 
71.75 299 299 0 
72.25 262 262 0 
72.75 278 278 0 
73.25 239 239 0 
73.75 255 255 0 
74.25 239 239 0 
74.75 252 252 0 
75.25 239 239 0 
75.75 265 265 0 
76.25 275 275 0 
76.75 234 234 0 
77.25 227 227 0 
77.75 227 227 0 
78.25 219 219 0 
78.75 168 168 0 
79.25 180 180 0 
79.75 193 193 0 
80.25 203 203 0 
80.75 184 184 0 
81.25 207 207 0 
81.75 196 196 0 
82.25 165 165 0 
82.75 143 143 0 
83.25 176 176 0 
83.75 181 181 0 
84.25 171 171 0 
84.75 152 152 0 
85.25 151 151 0 
85.75 142 142 0 
86.25 154 154 0 
86.75 141 141 0 
87.25 170 170 0 
87.75 118 118 0 
88.25 141 141 0 
88.75 111 111 0 
89.25 133 133 0 
89.75 113 113 0 
90.25 101 101 0 
90.75 102 102 0 
91.25 89 89 0 
91.75 87 87 0 
92.25 98 98 0 
92.75 85 85 0 
93.25 85 85 0 
93.75 56 56 0 
94.25 86 86 0 
94.75 81 81 0 
95.25 63 63 0 
95.75 54 54 0 
96.25 53 53 0 
96.75 60 60 0 
97.25 31 31 0 
97.75 38 38 0 
98.25 29 29 0 
98.75 18 18 0 
99.25 12 12 0 
99.75 12 12 0 
100.25 0 0 0 
